5785.919190613737 0.6156557647236696
5752.673779318654 0.6156557647236696
5720.044023788296 0.6156557647236696
5688.029924022661 0.6156557647241243
5657.862791551197 0.6156557647241243
5627.695659079734 0.6156557647236696
5598.759838137717 0.6156557647241243
5571.05532872515 0.6156557647236696
5543.350819312581 0.6156557647236696
5517.493277194183 0.6156557647236696
5491.635735075786 0.6156557647236696
5467.009504486836 0.6156557647241243
5443.614585427334 0.6156557647236696
5420.219666367831 0.6156557647236696
5398.6717146025 0.6156557647236696
5377.123762837169 0.6156557647236696
5356.807122601285 0.6156557647236696
5335.874826600679 0.6156557647241243
5317.405153658966 0.6156557647236696
5298.935480717253 0.6156557647241243
5281.697119304989 0.6156557647236696
5264.458757892724 0.6156557647236696
5247.836052245182 0.6156557647241243
5232.444658127089 0.6156557647236696
5217.668919773719 0.6156557647236696
5203.508837185072 0.6156557647241243
