5859.797882380586 1.231311529447339
5824.089848026609 0.6156557647236696
5790.844436731527 0.6156557647236696
5758.214681201168 0.6156557647236696
5727.431892964981 0.6156557647236696
5696.649104728794 0.6156557647236696
5666.48197225733 0.6156557647236696
5638.161807080038 0.6156557647236696
5610.457297667469 0.6156557647236696
5582.7527882549 0.6156557647236696
5556.895246136503 0.6156557647236696
5531.653359782829 0.6156557647236696
5507.02712919388 0.6156557647236696
5483.632210134378 0.6156557647236696
5460.852946839599 0.6156557647241243